0.2957
0.2357
0.2910
0.2731
0.1956
0.1970
0.2324
0.2731
0.2775
0.2397
0.2129
0.1974
0.2098
0.1791
0.1915
0.1965
0.1865
0.1773
0.2195
0.2615
0.3742
0.3788
0.2607
0.2050
0.1603
0.1574
0.1626
0.2232
0.2245
0.2859
0.1978
0.2064
0.2925
0.2113
0.2435
0.2330
0.2781
0.2503
0.2339
0.2915
0.3058
0.2350
0.2597
0.3259
0.3160
0.2759
0.3517
0.4109
0.3641
0.2969
0.4196
0.3472
0.3736
0.4074
0.4368
0.4098
0.2651
0.1773
0.1880
0.2296
0.2512
0.2037
0.1611
0.1885
0.1992
0.1516
0.1459
0.1956
0.2011
0.1769
0.1645
0.2416
0.2794
0.2270
0.2365
0.3572
0.3238
0.1803
0.2803
0.3498
0.2376
0.2318
0.2221
0.1688
0.2110
0.3032
0.2680
0.1769
0.1861
0.2034
0.1709
0.1591
0.1711
0.1537
0.1069
0.1192
0.1305
0.1012
0.1030
0.1178
0.1104
0.1119
0.1195
0.1243
0.1577
0.1556
0.1903
0.2015
0.2344
0.1818
0.1539
0.1868
0.1776
0.1496
0.1680
0.1783
0.1644
0.1822
0.1934
0.1702
0.2041
0.2417
0.2382
0.2538
0.2024
0.2191
0.2216
0.1711
0.1641
0.1557
0.1482
0.1477
0.1303
0.1303
0.1636
0.1624
0.2078
0.1972
0.1501
0.1947
0.2466
0.2150
0.1901
0.1831
0.1509
0.1373
0.1465
0.1326
0.1078
0.1200
0.1435
0.1298
0.1191
0.1605
0.2185
0.2035
0.2250
0.2675
0.3207
0.2701
0.2853
0.3977
0.4668
0.6161
